Source Target
747 1
747 15
747 986
747 840
747 546
747 892
747 538
747 108
747 877
0 709
709 874
709 804
709 966
808 1
808 715
808 867
808 51
808 308
808 870
808 627
808 764
808 440
1 501
501 228
501 434
501 560
48 2
48 55
392 2
392 197
392 784
392 761
392 800
165 2
165 65
165 864
165 677
165 261
2 393
2 558
2 473
860 11
860 260
860 45
860 724
634 13
634 550
634 324
634 843
322 15
322 687
322 16
322 388
322 809
322 604
322 421
334 18
334 660
334 979
334 79
334 75
334 403
452 18
452 235
452 257
452 101
452 292
452 432
452 633
19 73
19 791
19 136
837 999
837 11
837 66
837 483
837 897
837 848
14 35
14 343
14 997
14 999
207 553
207 13
207 619
207 934
207 287
782 8
782 304
782 470
15 167
15 356
15 235
35 199
35 927
35 632
35 726
17 83
17 620
17 485
17 529
17 606
17 660
17 785
17 415
687 12
687 523
687 690
687 364
687 337
83 174
83 63
83 561
83 509
73 838
73 689
73 253
73 267
73 635
791 364
791 703
343 43
343 475
343 324
343 757
343 567
943 12
943 250
943 811
943 467
943 644
997 694
997 713
997 67
997 62
997 154
997 106
997 932
341 8
341 872
341 666
341 649
341 876
8 32
8 768
309 12
309 43
309 681
984 356
984 13
984 865
984 839
984 39
984 276
984 960
984 196
984 205
984 261
984 570
620 558
620 413
620 627
620 604
879 16
879 425
879 229
879 475
879 214
879 710
879 170
879 616
879 969
879 661
879 446
535 18
535 29
535 636
535 425
535 224
20 356
20 785
20 512
20 349
20 66
20 518
9 16
9 225
9 778
9 182
9 963
16 880
16 623
999 173
999 591
485 865
485 427
485 947
485 211
529 880
529 77
529 542
529 85
529 849
529 857
89 12
89 383
89 231
89 232
89 700
89 218
18 564
18 140
564 47
564 787
136 32
136 590
136 37
136 828
136 99
10 944
10 227
10 956
12 72
12 453
12 144
12 866
32 713
32 827
768 652
768 617
768 102
768 374
768 216
944 26
944 556
944 497
944 385
944 336
944 280
944 989
11 275
11 291
275 186
275 223
275 458
291 671
291 770
291 290
291 385
291 565
291 732
167 556
167 172
167 766
225 938
225 31
225 146
225 405
227 568
227 183
227 239
227 203
227 795
227 954
227 313
956 70
956 115
956 301
72 866
72 415
72 237
72 215
72 416
72 478
72 545
72 934
72 670
72 361
72 741
453 527
453 656
453 252
778 928
778 541
778 232
778 492
778 952
778 385
778 712
778 365
778 773
144 142
144 197
144 770
144 647
144 206
866 835
866 885
866 697
866 177
866 474
866 277
356 21
356 41
356 204
356 85
356 615
880 57
880 323
880 316
880 816
880 799
880 873
606 62
606 109
606 848
606 264
182 274
182 811
182 869
660 648
660 335
660 90
660 118
660 857
660 461
660 638
660 440
623 658
623 68
623 950
623 664
623 797
623 811
785 462
785 541
785 52
785 243
785 915
785 469
785 862
785 438
140 64
140 784
140 990
140 897
890 27
890 186
890 143
890 745
938 27
938 357
938 762
938 693
938 161
938 657
938 595
694 28
694 722
694 443
29 312
961 31
961 21
961 737
961 206
961 499
961 889
625 22
625 321
625 827
625 230
625 361
625 744
625 853
625 680
625 515
625 988
625 365
26 622
26 190
26 527
26 671
312 22
312 781
312 168
312 399
312 206
312 849
312 368
312 351
312 329
312 850
556 22
556 39
556 550
556 544
556 746
928 21
928 183
928 74
928 138
928 270
928 646
891 21
891 168
891 792
891 763
891 379
891 100
609 22
609 637
609 902
609 586
965 23
965 619
965 489
965 807
965 85
965 952
965 904
965 510
344 25
344 235
344 158
344 824
344 920
344 424
344 419
451 25
451 717
451 335
451 411
451 786
451 945
28 202
28 466
202 415
202 723
202 590
202 637
202 166
202 99
202 856
202 571
202 688
202 887
466 542
466 697
466 133
466 621
466 397
466 514
94 530
94 30
94 233
94 593
94 112
94 243
94 787
94 271
94 985
94 538
94 317
98 30
98 492
98 589
622 114
622 477
622 816
25 682
25 898
77 527
77 27
77 246
77 383
333 603
333 27
333 971
333 954
333 395
459 27
459 531
192 30
192 295
192 384
192 166
192 97
192 669
192 923
192 259
192 208
530 30
530 632
530 181
530 718
530 935
530 124
530 708
530 616
530 834
199 31
199 172
199 855
553 31
553 894
553 70
553 404
553 877
30 723
512 467
512 311
512 776
512 597
22 788
22 936
22 228
22 57
22 734
788 388
788 830
788 917
788 432
788 281
788 703
715 21
715 912
715 53
715 605
715 102
715 339
715 667
349 315
349 71
349 635
349 981
349 897
349 496
349 795
349 621
349 299
31 603
31 925
31 840
603 717
603 763
603 492
603 374
603 695
21 241
21 794
21 380
21 867
21 733
21 69
23 137
23 781
936 52
936 351
462 24
462 237
462 132
462 432
462 330
66 497
66 60
66 150
66 155
66 885
228 244
228 384
228 843
228 435
228 676
898 599
898 835
898 91
898 387
898 613
898 793
898 661
898 499
190 415
190 658
190 432
518 263
518 417
518 487
518 910
518 418
518 862
241 737
241 379
241 442
241 270
241 376
794 382
794 543
794 783
57 874
57 377
57 863
57 388
734 800
734 926
137 846
137 907
137 252
380 441
380 991
380 135
380 644
380 970
867 840
867 497
867 561
781 156
781 130
781 201
781 613
527 171
527 532
527 509
527 404
527 515
527 471
527 773
733 986
733 886
671 548
671 237
671 704
671 111
27 454
27 987
69 524
69 650
69 363
69 962
454 637
454 111
454 206
963 4
963 179
963 60
963 70
963 546
963 955
963 160
963 608
963 830
963 203
963 686
851 5
851 722
851 62
851 975
851 638
357 6
357 749
357 496
357 198
357 571
357 223
357 261
357 208
357 510
415 6
415 930
415 751
415 376
393 494
393 843
393 923
752 4
752 723
752 853
752 449
752 710
752 638
752 596
752 995
168 7
168 591
168 736
626 7
626 829
626 132
626 993
626 922
713 7
713 49
713 78
713 396
713 811
713 616
13 3
648 7
648 576
648 578
648 200
648 526
648 330
648 621
272 6
272 395
987 7
987 289
987 306
987 663
146 3
146 719
146 480
146 283
146 749
146 145
146 320
146 641
651 4
651 411
651 224
651 381
5 235
5 723
235 789
235 573
6 260
158 723
158 3
158 986
158 617
158 360
158 353
865 3
865 672
865 841
865 463
865 278
4 513
4 792
723 526
723 296
513 350
513 544
513 565
513 337
558 949
558 229
558 411
558 128
558 736
558 758
558 929
3 919
792 717
792 728
260 637
260 79
260 152
260 432
260 941
260 338
919 730
919 780
919 403
919 474
919 400
919 771
919 767
473 762
473 123
473 301
473 305
473 458
590 42
590 174
590 673
590 725
590 825
590 953
590 248
702 42
702 59
702 561
702 354
702 758
355 33
355 142
355 247
355 197
355 546
355 383
355 809
629 33
629 718
629 307
629 775
629 989
321 42
321 358
321 582
321 669
541 552
541 33
541 246
541 870
541 830
541 616
541 266
541 255
967 42
967 803
967 976
967 668
967 498
43 131
43 212
43 552
43 986
722 840
722 37
722 361
722 688
722 418
129 39
129 109
129 588
129 757
129 135
254 37
254 578
254 109
254 770
254 203
42 520
42 425
42 542
193 34
193 753
193 477
193 503
520 151
520 932
520 729
173 41
173 145
173 996
173 287
131 810
212 824
212 348
212 508
212 109
212 708
552 735
818 41
818 735
818 474
818 799
818 429
818 815
986 236
986 211
927 41
36 162
925 271
925 198
925 169
925 906
433 38
433 105
433 903
433 188
433 882
824 38
824 765
824 288
824 910
840 483
327 33
327 761
327 935
327 814
327 695
327 522
327 340
327 924
327 474
327 750
33 979
33 731
33 762
632 763
632 125
37 636
37 846
37 250
37 119
827 761
827 673
827 389
636 187
636 483
636 980
979 68
979 892
979 475
979 103
979 290
979 354
979 970
979 510
979 595
162 180
162 900
162 935
162 780
162 133
658 894
658 34
658 166
658 813
846 680
846 320
846 367
846 328
846 812
846 398
737 38
737 55
737 828
737 557
737 560
737 421
839 38
839 186
839 417
839 720
180 39
180 335
180 151
180 108
180 825
250 298
39 894
894 460
894 112
894 674
731 949
731 256
731 679
731 855
41 685
41 717
41 362
41 913
685 576
685 704
685 881
717 108
717 826
717 703
375 34
375 65
375 244
375 672
375 163
375 296
375 937
40 455
455 542
455 76
455 672
455 679
455 301
726 101
726 575
362 831
362 578
362 593
425 640
425 903
425 801
425 630
204 34
913 187
913 259
371 34
371 56
371 697
371 811
371 314
371 996
371 904
371 505
119 389
119 516
119 164
119 826
119 980
119 714
762 226
762 145
762 756
762 370
762 429
142 34
142 619
142 53
142 690
142 218
142 814
142 695
142 176
142 826
738 34
738 962
738 692
738 367
738 457
542 619
542 183
186 58
186 379
186 412
186 935
186 691
186 759
289 58
289 437
52 912
52 434
423 58
423 102
423 216
423 461
423 585
423 510
568 58
568 323
568 490
568 103
568 389
568 751
568 644
568 855
912 874
912 871
912 404
912 258
912 516
912 948
912 581
874 787
874 896
874 888
728 50
728 116
728 304
728 563
497 711
497 56
497 196
497 740
497 378
497 273
497 958
295 56
295 67
295 91
295 271
295 258
295 428
295 948
871 56
871 673
523 45
523 491
523 998
619 44
619 650
619 346
619 581
619 995
50 599
50 905
50 171
50 483
50 257
693 54
693 525
693 872
58 678
58 807
377 348
377 591
599 914
599 99
599 895
599 594
599 921
711 45
831 47
831 842
831 286
831 320
949 53
949 572
949 964
949 901
949 886
949 278
315 44
315 181
315 725
315 780
550 47
550 522
550 916
550 367
348 45
348 91
348 106
348 163
348 970
55 753
55 819
323 49
323 508
230 49
230 237
230 656
230 842
230 935
905 183
53 763
53 382
53 719
763 701
763 960
763 431
763 754
753 398
56 802
279 44
279 460
279 130
279 646
490 47
490 284
441 47
441 118
441 976
441 222
441 351
441 661
54 148
54 652
54 765
187 51
187 624
187 381
247 45
247 188
247 659
45 618
45 179
46 548
46 610
335 49
335 448
335 612
335 732
335 397
171 251
171 467
171 216
171 790
548 546
548 443
548 491
548 799
434 383
434 533
434 320
148 114
148 385
148 206
652 945
652 959
652 598
483 700
765 104
765 787
765 673
765 813
765 484
802 360
802 216
802 354
863 479
863 340
863 397
618 614
618 394
618 400
382 907
382 784
382 870
382 641
382 277
382 409
382 482
257 359
257 347
257 484
610 61
610 664
610 480
610 479
610 683
610 945
819 215
819 479
819 756
819 676
179 582
179 467
179 930
179 345
388 111
388 345
719 174
60 234
60 486
60 739
197 67
197 960
68 172
68 460
68 653
172 379
172 263
172 469
460 271
524 308
524 515
524 877
234 75
234 813
968 61
968 868
968 973
183 65
183 80
183 135
183 495
183 560
308 64
308 384
308 85
308 108
308 176
150 645
150 95
150 149
653 539
653 948
650 412
650 217
650 403
650 414
847 64
847 939
847 695
847 989
847 815
907 67
907 151
907 100
907 102
907 223
907 305
907 420
907 937
363 562
363 175
363 245
363 208
962 569
962 265
486 828
486 474
70 237
70 358
70 489
70 678
70 608
70 823
70 697
237 576
237 955
237 253
237 607
237 679
237 296
358 342
358 537
358 519
358 918
489 74
489 575
489 569
532 64
532 493
532 214
532 329
532 771
59 178
59 576
59 229
59 174
59 678
59 536
276 64
276 718
276 469
276 339
546 61
546 337
546 931
178 149
178 303
178 313
178 926
178 740
178 699
576 589
576 480
576 805
950 64
950 743
950 647
950 205
950 301
950 708
950 631
950 420
950 994
950 444
229 216
229 624
920 350
920 67
920 340
174 386
174 699
835 62
835 964
835 316
835 669
835 450
64 911
64 116
64 656
955 63
955 152
955 515
955 948
63 405
63 384
63 637
297 61
297 841
297 990
297 195
297 917
911 759
911 403
911 517
678 525
678 935
678 121
678 164
678 313
678 845
678 514
350 62
350 298
350 820
350 895
350 604
350 758
350 240
350 845
65 282
65 79
65 220
282 584
282 910
155 353
155 216
244 61
244 680
244 432
405 96
405 324
61 427
61 701
61 561
384 504
384 614
384 221
384 862
384 446
427 166
427 922
427 758
427 450
701 509
701 117
701 947
701 883
933 62
933 679
933 959
116 374
116 401
656 239
656 642
637 561
637 71
637 404
637 198
637 759
637 426
79 90
79 181
220 416
220 593
220 274
536 383
536 932
536 467
536 139
536 135
536 278
536 581
807 206
807 611
807 410
561 436
561 554
885 112
885 125
885 829
509 300
509 239
509 394
84 298
84 366
84 504
838 306
838 238
838 328
639 78
639 672
639 163
639 338
639 773
298 784
298 479
298 191
298 469
298 601
298 600
366 642
366 201
366 805
366 507
366 278
504 579
504 740
504 978
85 160
85 300
85 372
85 692
215 884
215 562
215 224
215 669
215 708
215 539
215 857
160 271
160 534
160 881
160 803
71 690
71 939
71 493
71 718
151 74
151 932
151 903
151 756
690 617
690 746
690 976
690 804
690 446
689 320
689 223
689 655
253 302
253 130
253 551
253 859
508 74
508 930
508 998
508 843
508 813
399 75
399 156
399 417
399 566
608 916
608 330
416 998
416 328
416 817
76 766
76 256
76 521
76 578
76 789
766 789
246 474
246 883
246 255
628 78
628 238
628 332
478 946
478 81
478 710
478 993
823 340
823 208
939 424
939 340
939 345
939 397
493 755
493 294
493 686
493 262
545 534
545 310
267 479
267 953
267 754
75 166
75 842
75 617
934 832
832 74
832 457
832 978
256 942
256 302
256 557
256 616
256 540
256 595
256 458
256 566
166 480
166 496
166 720
166 428
166 857
166 633
166 742
166 602
166 296
521 584
521 710
521 686
578 398
90 210
181 549
181 195
181 662
181 303
181 878
181 887
181 221
78 605
443 80
443 385
443 316
443 681
443 242
443 854
614 80
614 121
718 492
718 494
718 924
718 407
670 82
670 467
670 305
635 786
635 770
635 666
635 740
635 630
635 414
842 519
842 816
789 82
789 325
789 801
404 784
404 80
404 538
404 902
404 177
404 716
404 420
684 80
684 809
684 201
361 104
361 772
605 567
605 365
605 966
946 80
946 506
81 784
81 892
784 565
784 575
784 796
784 931
741 133
741 904
741 621
741 338
383 91
383 942
383 157
383 764
892 125
82 706
706 811
706 431
706 674
697 642
697 931
300 642
300 130
300 296
300 668
300 638
233 806
233 176
233 310
233 188
909 95
909 500
909 283
909 843
372 107
372 853
372 226
372 627
372 972
372 793
231 673
231 226
231 222
104 96
104 286
104 992
104 147
104 797
104 888
104 770
379 97
379 364
379 601
593 317
593 141
593 710
593 370
593 487
475 101
475 613
475 776
475 667
92 251
828 86
828 992
828 239
828 114
828 169
772 93
772 106
772 516
100 942
91 858
91 914
91 664
91 214
692 112
692 992
692 177
645 87
645 442
645 716
645 517
88 572
88 292
232 888
232 296
858 203
858 189
858 869
858 428
858 386
858 958
858 450
210 286
210 402
210 417
251 101
93 774
93 360
243 99
243 301
243 305
243 268
696 95
696 877
412 87
412 591
412 707
700 515
761 97
761 198
981 95
981 491
981 833
981 505
914 642
914 555
97 424
424 641
424 198
424 354
99 200
787 439
360 491
360 479
360 195
360 219
360 340
360 969
200 304
200 727
218 374
218 712
218 649
218 631
218 740
271 551
271 331
271 457
942 110
942 373
942 403
942 437
101 154
101 159
101 411
101 500
101 640
101 853
101 932
154 481
154 654
154 436
159 589
159 448
159 533
411 396
411 797
411 744
411 677
411 770
411 714
411 201
411 983
664 990
664 128
664 134
664 373
664 261
664 970
664 484
492 947
492 242
492 495
492 378
985 170
985 438
214 744
214 990
214 456
95 544
500 673
500 106
500 710
500 873
589 367
292 806
292 710
538 695
538 571
538 586
87 525
87 704
525 105
704 574
704 277
704 280
704 445
317 573
317 175
640 147
640 806
640 533
640 539
640 970
992 320
992 222
992 294
239 106
239 845
239 445
872 107
872 798
872 273
109 120
109 864
109 744
109 123
117 293
117 677
117 725
117 868
117 916
111 258
111 582
111 841
111 952
800 115
800 539
800 862
147 864
147 494
870 108
735 110
735 877
102 915
102 325
915 881
915 644
915 691
915 796
579 103
579 294
306 114
396 110
396 318
396 882
396 598
806 105
806 161
806 430
864 777
864 850
864 703
258 389
258 745
743 113
743 354
743 940
673 114
673 290
673 699
673 488
797 730
797 756
797 976
797 720
797 296
797 332
324 113
324 584
324 385
324 302
324 729
324 332
786 103
786 580
115 821
115 672
115 263
744 480
110 290
114 274
114 352
274 422
274 319
374 903
374 138
374 931
293 226
293 304
293 663
672 164
677 649
677 519
896 105
896 161
896 884
896 387
896 964
896 132
107 971
107 982
325 305
582 387
582 127
582 219
582 417
582 659
113 476
113 549
476 480
476 143
476 600
476 638
811 105
811 127
811 612
811 776
853 105
853 562
853 883
982 825
982 472
982 255
888 264
841 549
841 177
841 280
770 916
549 780
549 431
290 314
290 195
290 296
290 345
290 801
290 908
263 884
263 252
263 515
263 686
952 153
952 805
952 444
123 729
401 531
401 748
725 302
725 456
725 805
725 331
725 899
868 126
868 976
868 457
868 929
868 995
352 222
352 428
932 135
932 686
481 814
480 795
480 221
480 299
480 566
480 570
494 223
947 152
947 314
947 456
359 152
359 261
359 378
359 804
654 222
654 330
654 969
654 482
448 311
413 161
413 507
900 318
900 804
900 299
900 270
491 153
491 993
491 444
283 594
467 153
467 266
467 816
809 153
809 177
163 584
163 710
584 675
584 265
814 531
814 305
814 429
814 400
139 721
139 777
479 145
479 336
479 910
194 164
249 141
249 463
249 386
730 145
730 517
226 152
226 777
226 569
152 465
152 991
990 461
990 471
680 141
680 153
680 394
680 222
680 301
680 901
680 245
680 796
930 138
930 642
141 960
347 143
347 764
385 533
385 245
385 732
974 153
974 417
465 515
465 503
465 585
465 391
465 705
342 145
342 310
342 633
353 991
353 998
353 213
302 156
302 531
302 164
302 567
302 328
695 688
695 926
695 716
991 675
176 729
176 852
176 373
176 555
156 975
156 195
449 157
449 432
449 931
449 597
149 431
534 661
216 591
803 224
803 745
803 262
206 470
206 463
960 588
960 980
960 571
960 601
960 442
960 921
960 674
721 436
721 993
436 487
777 217
777 698
320 447
780 859
780 783
780 929
710 760
587 164
587 330
587 876
587 270
587 581
587 586
389 516
389 918
574 138
574 118
574 387
574 902
574 428
574 376
588 221
588 346
998 132
998 526
998 969
998 646
998 445
998 517
516 367
516 307
516 886
516 675
516 484
820 118
820 127
820 551
138 125
138 195
138 196
138 285
138 304
138 496
138 756
537 135
128 522
128 157
884 121
884 668
884 845
641 125
641 751
641 169
641 354
641 499
531 127
531 170
531 270
528 133
522 691
522 406
746 121
746 222
746 941
746 764
562 125
562 336
562 563
642 126
642 602
573 127
573 198
118 964
118 657
729 456
729 266
729 816
810 270
810 595
916 496
916 488
895 121
895 910
387 124
314 133
314 318
314 595
830 134
126 431
126 849
755 134
755 189
124 751
252 268
195 431
196 902
196 175
964 751
964 708
964 368
751 135
431 829
431 889
127 422
127 316
456 132
456 849
456 993
829 130
829 902
829 277
164 769
164 616
164 805
422 364
285 135
826 575
826 779
826 498
826 438
170 122
170 993
170 340
170 461
170 957
130 681
304 329
496 224
496 439
496 834
496 822
756 615
756 908
980 922
980 764
980 910
714 468
849 332
316 224
316 580
681 607
681 370
681 631
369 201
369 261
369 510
526 222
526 281
843 559
236 367
236 825
219 543
679 924
679 540
238 565
238 993
565 740
575 551
575 208
575 988
213 611
213 394
213 571
213 515
557 211
557 676
557 346
557 893
402 776
402 750
402 540
224 311
224 410
470 959
856 736
856 876
205 288
205 993
205 691
666 201
394 597
203 976
976 795
976 367
712 269
712 904
712 850
644 201
644 783
644 506
288 519
288 507
288 554
288 266
370 223
311 833
311 859
795 277
435 923
435 699
917 223
917 319
477 708
477 750
477 674
201 901
201 313
201 381
571 301
571 600
301 217
223 364
410 337
954 970
676 926
676 329
676 395
649 511
813 848
902 337
902 338
364 886
669 429
209 242
209 373
242 503
242 595
708 612
539 498
515 667
463 910
569 633
503 638
184 707
189 577
189 269
495 395
432 319
191 245
259 686
769 969
769 299
941 185
941 703
720 616
720 299
175 217
175 403
996 643
996 430
996 773
373 208
857 261
857 683
555 602
555 889
662 602
662 612
662 812
662 815
691 977
759 655
633 307
188 303
303 507
303 472
313 850
790 507
624 339
742 921
340 613
591 378
469 994
386 280
386 929
926 969
878 816
560 570
185 551
887 499
887 471
461 698
296 798
740 663
261 277
707 801
269 724
269 487
269 776
269 663
245 775
345 294
345 969
403 499
287 972
287 854
287 750
699 426
904 822
627 796
627 502
655 329
655 750
580 910
580 703
519 328
519 420
519 408
698 924
698 328
612 458
294 683
307 922
683 988
732 390
600 750
972 958
668 559
318 585
326 988
801 834
948 440
948 499
368 331
368 502
583 319
336 338
419 882
922 567
554 351
472 793
346 643
437 328
970 458
918 973
621 482
638 418
638 966
421 951
969 328
796 332
796 760
876 613
876 458
758 931
567 442
567 445
378 804
804 705
337 510
337 365
833 510
833 592
850 776
447 594
447 581
510 834
613 754
613 760
764 854
442 921
305 646
439 248
277 886
977 262
270 783
390 724
390 268
487 400
776 514
848 265
754 910
280 391
280 816
280 799
816 959
816 995
854 630
854 597
248 365
457 255
457 748
376 779
255 365
255 502
675 268
675 400
395 906
686 931
750 889
775 514
338 663
845 484
845 877
859 397
566 873
265 397
397 596
663 893
783 899
418 471
812 450
945 586
716 398
406 407
398 937
862 995
836 407
817 506
426 430
517 446
547 499
958 877
559 400
937 450
937 703
861 703
